122 227
121 226
121 225
121 224
121 223
121 222
121 221
121 220
121 219
121 218
121 217
121 216
121 215
121 214
121 213
121 212
121 211
121 210
121 209
121 208
121 207
121 206
121 205
121 204
121 203
121 202
121 201
121 200
121 199
121 198
121 197
121 196
121 195
121 194
121 193
121 192
121 191
121 190
121 189
121 188
121 187
121 186
121 185
121 184
121 183
121 182
121 181
121 180
121 179
121 178
121 177
121 176
121 175
121 174
121 173
121 172
121 171
121 170
121 169
121 168
121 167
121 166
121 165
121 164
121 163
121 162
121 161
121 160
121 159
121 158
121 157
121 156
121 155
121 154
121 153
121 152
121 151
121 150
121 149
121 148
121 147
121 146
121 145
121 144
121 143
121 142
121 141
121 140
121 139
121 138
121 137
121 136
121 135
121 134
121 133
121 132
121 131
121 130
121 129
121 128
121 127
121 126
121 125
121 124
121 123
121 122
121 121
121 120
121 119
121 118
121 117
121 116
121 115
121 114
121 113
121 112
121 111
121 110
121 109
121 108
121 107
121 106
121 105
121 104
121 103
121 102
121 101
121 100
121 99
121 98
121 97
121 96
121 95
121 94
121 93
121 92
121 91
121 90
121 89
121 88
121 87
121 86
121 85
121 84
121 83
121 82
121 81
121 80
121 79
121 78
121 77
121 76
121 75
121 74
121 73
121 72
121 71
121 70
121 69
120 68
119 67
118 66
117 65
116 64
115 63
114 62
113 61
112 60
111 60
110 60
109 60
108 60
107 60
106 60
105 60
104 60
103 60
102 60
101 60
100 60
99 60
98 60
97 60
96 60
95 60
94 60
93 60
92 60
91 60
90 60
89 60
88 60
87 60
86 60
85 60
84 60
83 60
82 60
81 60
80 60
79 60
78 60
77 60
76 60
75 60
74 60
73 60
72 60
71 60
70 60
69 60
68 61
68 62
68 63
68 64
68 65
68 66
68 67
68 68
68 69
68 70
68 71
68 72
68 73
68 74
68 75
68 76
68 77
68 78
68 79
68 80
68 81
68 82
68 83
68 84
68 85
68 86
68 87
68 88
68 89
68 90
68 91
68 92
68 93
68 94
68 95
68 96
68 97
68 98
68 99
68 100
68 101
68 102
68 103
68 104
68 105
68 106
68 107
68 108
68 109
68 110
68 111
68 112
68 113
68 114
68 115
68 116
68 117
68 118
68 119
68 120
68 121
68 122
68 123
68 124
68 125
68 126
68 127
68 128
68 129
68 130
68 131
68 132
68 133
68 134
68 135
68 136
68 137
68 138
68 139
68 140
68 141
68 142
68 143
68 144
68 145
68 146
68 147
68 148
68 149
68 150
68 151
68 152
68 153
68 154
68 155
68 156
68 157
68 158
68 159
68 160
68 161
68 162
68 163
68 164
68 165
68 166
68 167
68 168
68 169
68 170
68 171
68 172
68 173
68 174
68 175
68 176
68 177
68 178
68 179
68 180
68 181
68 182
68 183
68 184
68 185
68 186
68 187
68 188
68 189
68 190
68 191
68 192
68 193
68 194
68 195
68 196
68 197
68 198
68 199
68 200
68 201
68 202
68 203
68 204
68 205
68 206
68 207
68 208
68 209
68 210
68 211
68 212
68 213
68 214
68 215
68 216
68 217
68 218
68 219
68 220
68 221
68 222
68 223
68 224
68 225
68 226
68 227
68 228
68 229
68 230
68 231
68 232
68 233
68 234
68 235
68 236
68 237
68 238
68 239
68 240
68 241
68 242
68 243
68 244
68 245
68 246
68 247
68 248
68 249
68 250
68 251
68 252
68 253
68 254
68 255
68 256
68 257
68 258
68 259
68 260
68 261
68 262
68 263
68 264
68 265
68 266
68 267
68 268
68 269
68 270
68 271
68 272
68 273
68 274
68 275
68 276
68 277
68 278
68 279
68 280
68 281
68 282
68 283
68 284
68 285
68 286
68 287
68 288
68 289
68 290
68 291
68 292
68 293
68 294
68 295
68 296
68 297
68 298
68 299
68 300
68 301
68 302
68 303
68 304
68 305
68 306
68 307
68 308
68 309
68 310
68 311
68 312
68 313
68 314
68 315
68 316
68 317
68 318
68 319
68 320
68 321
68 322
68 323
68 324
68 325
68 326
68 327
68 328
68 329
68 330
68 331
68 332
68 333
68 334
68 335
68 336
68 337
68 338
68 339
68 340
68 341
68 342
68 343
68 344
68 345
68 346
68 347
68 348
68 349
68 350
68 351
68 352
68 353
68 354
68 355
68 356
68 357
68 358
68 359
67 360
66 361
65 362
64 363
63 364
62 365
61 366
60 367
59 368
58 369
57 370
56 371
55 372
54 373
53 374
52 375
51 376
50 377
49 378
48 379
47 380
46 381
45 382
44 383
43 384
42 385
41 386
40 387
39 388
38 389
37 390
36 391
35 392
34 393
33 394
32 395
31 396
30 397
29 398
28 399
27 400
26 401
25 402
24 403
23 404
22 405
21 406
20 407
19 408
